Supplemental results for CODEML (seqf: HSD17B2_mafft.phy  treef: HSD17B2_inversion_morphs_clade_contree.tree)

I	J	ij	2Ns_IJ	pMut_IJ	pSub_IJ	2Ns_JI	pMut_JI	pSub_JI

TTC	TTT	CT	0.77160	0.05342	0.07665	-0.77160	0.11556	0.07665	0.07665	0.07665
TTA	TTT	AT	0.33939	0.00184	0.00217	-0.33939	0.00258	0.00217	0.00108	0.00108
TTA	TTC	AC	-0.43221	0.00478	0.00382	0.43221	0.00310	0.00382	0.00191	0.00191
TTG	TTT	GT	1.62385	0.00359	0.00727	-1.62385	0.01823	0.00727	0.00364	0.00364
TTG	TTC	GC	0.85224	0.00936	0.01390	-0.85224	0.02194	0.01390	0.00695	0.00695
TTG	TTA	GA	1.28445	0.01575	0.02798	-1.28445	0.05691	0.02798	0.02798	0.02798
TCT	TTT	CT	1.61890	0.02289	0.04622	-1.61890	0.11556	0.04622	0.02311	0.02311
TCC	TTC	CT	1.06622	0.04787	0.07784	-1.06622	0.13903	0.07784	0.03892	0.03892
TCC	TCT	CT	0.21892	0.04787	0.05330	-0.21892	0.05958	0.05330	0.05330	0.05330
TCA	TTA	CT	0.69082	0.02081	0.02882	-0.69082	0.04153	0.02882	0.01441	0.01441
TCA	TCT	AT	-0.58869	0.00240	0.00176	0.58869	0.00133	0.00176	0.00176	0.00176
TCA	TCC	AC	-0.80761	0.00624	0.00405	0.80761	0.00278	0.00405	0.00405	0.00405
TCG	TTG	CT	2.36529	0.00763	0.01992	-2.36529	0.08125	0.01992	0.00996	0.00996
TCG	TCT	GT	2.37024	0.00088	0.00230	-2.37024	0.00940	0.00230	0.00230	0.00230
TCG	TCC	GC	2.15131	0.00229	0.00557	-2.15131	0.01966	0.00557	0.00557	0.00557
TCG	TCA	GA	2.95893	0.00385	0.01202	-2.95893	0.07423	0.01202	0.01202	0.01202
TAT	TTT	AT	-0.13603	0.00296	0.00276	0.13603	0.00258	0.00276	0.00138	0.00138
TAT	TCT	AC	-1.75493	0.00769	0.00282	1.75493	0.00133	0.00282	0.00141	0.00141
TAC	TTC	AT	-0.82883	0.00711	0.00457	0.82883	0.00310	0.00457	0.00228	0.00228
TAC	TCC	AC	-1.89505	0.01850	0.00620	1.89505	0.00278	0.00620	0.00310	0.00310
TAC	TAT	CT	0.07880	0.06174	0.06421	-0.07880	0.06681	0.06421	0.06421	0.06421
TGT	TTT	GT	2.65792	0.00128	0.00365	-2.65792	0.01823	0.00365	0.00183	0.00183
TGT	TCT	GC	1.03902	0.00333	0.00535	-1.03902	0.00940	0.00535	0.00267	0.00267
TGT	TAT	GA	2.79395	0.00560	0.01667	-2.79395	0.09155	0.01667	0.00833	0.00833
TGC	TTC	GT	1.44104	0.00519	0.00980	-1.44104	0.02194	0.00980	0.00490	0.00490
TGC	TCC	GC	0.37482	0.01351	0.01620	-0.37482	0.01966	0.01620	0.00810	0.00810
TGC	TAC	GA	2.26987	0.02275	0.05760	-2.26987	0.22022	0.05760	0.02880	0.02880
TGC	TGT	CT	-0.44528	0.04509	0.03580	0.44528	0.02889	0.03580	0.03580	0.03580
TGG	TTG	GT	1.24965	0.00367	0.00644	-1.24965	0.01282	0.00644	0.00322	0.00322
TGG	TCG	GC	-1.11564	0.00956	0.00520	1.11564	0.00313	0.00520	0.00260	0.00260
TGG	TGT	GT	0.21557	0.00367	0.00408	-0.21557	0.00456	0.00408	0.00204	0.00204
TGG	TGC	GC	0.66085	0.00956	0.01307	-0.66085	0.01852	0.01307	0.00653	0.00653
CTT	TTT	CT	1.18358	0.03538	0.06036	-1.18358	0.11556	0.06036	0.03018	0.03018
CTC	TTC	CT	0.47201	0.08672	0.10879	-0.47201	0.13903	0.10879	0.05440	0.05440
CTC	CTT	CT	0.06003	0.08672	0.08935	-0.06003	0.09209	0.08935	0.08935	0.08935
CTA	TTA	CT	1.14758	0.01318	0.02216	-1.14758	0.04153	0.02216	0.02216	0.02216
CTA	CTT	AT	0.30339	0.00152	0.00176	-0.30339	0.00206	0.00176	0.00176	0.00176
CTA	CTC	AC	0.24335	0.00395	0.00445	-0.24335	0.00504	0.00445	0.00445	0.00445
CTG	TTG	CT	-0.84994	0.19009	0.12062	0.84994	0.08125	0.12062	0.12062	0.12062
CTG	CTT	GT	-0.40968	0.02189	0.01771	0.40968	0.01453	0.01771	0.01771	0.01771
CTG	CTC	GC	-0.46971	0.05696	0.04463	0.46971	0.03561	0.04463	0.04463	0.04463
CTG	CTA	GA	-0.71307	0.09592	0.06575	0.71307	0.04701	0.06575	0.06575	0.06575
CCT	TCT	CT	0.52120	0.03538	0.04540	-0.52120	0.05958	0.04540	0.02270	0.02270
CCT	CTT	CT	0.95652	0.03538	0.05496	-0.95652	0.09209	0.05496	0.02748	0.02748
CCC	TCC	CT	1.06350	0.04301	0.06986	-1.06350	0.12459	0.06986	0.03493	0.03493
CCC	CTC	CT	1.65770	0.04301	0.08809	-1.65770	0.22570	0.08809	0.04405	0.04405
CCC	CCT	CT	0.76121	0.04301	0.06144	-0.76121	0.09209	0.06144	0.06144	0.06144
CCA	TCA	CT	0.62005	0.02914	0.03910	-0.62005	0.05417	0.03910	0.01955	0.01955
CCA	CTA	CT	0.16329	0.02914	0.03158	-0.16329	0.03431	0.03158	0.01579	0.01579
CCA	CCT	AT	-0.48984	0.00335	0.00260	0.48984	0.00206	0.00260	0.00260	0.00260
CCA	CCC	AC	-1.25106	0.00873	0.00438	1.25106	0.00250	0.00438	0.00438	0.00438
CCG	TCG	CT	0.17636	0.01665	0.01816	-0.17636	0.01986	0.01816	0.00908	0.00908
CCG	CTG	CT	3.39160	0.01665	0.05844	-3.39160	0.49474	0.05844	0.02922	0.02922
CCG	CCT	GT	2.02540	0.00192	0.00447	-2.02540	0.01453	0.00447	0.00447	0.00447
CCG	CCC	GC	1.26418	0.00499	0.00879	-1.26418	0.01766	0.00879	0.00879	0.00879
CCG	CCA	GA	2.51524	0.00840	0.02299	-2.51524	0.10392	0.02299	0.02299	0.02299
CAT	TAT	CT	1.62300	0.01318	0.02665	-1.62300	0.06681	0.02665	0.01333	0.01333
CAT	CTT	AT	0.30339	0.00152	0.00176	-0.30339	0.00206	0.00176	0.00088	0.00088
CAT	CCT	AC	-0.65313	0.00395	0.00280	0.65313	0.00206	0.00280	0.00140	0.00140
CAC	TAC	CT	2.26711	0.01665	0.04211	-2.26711	0.16070	0.04211	0.02106	0.02106
CAC	CTC	AT	0.96626	0.00192	0.00299	-0.96626	0.00504	0.00299	0.00150	0.00150
CAC	CCC	AC	-0.69144	0.00499	0.00346	0.69144	0.00250	0.00346	0.00173	0.00173
CAC	CAT	CT	0.72291	0.01665	0.02339	-0.72291	0.03431	0.02339	0.02339	0.02339
CAA	CTA	AT	-1.85043	0.00487	0.00168	1.85043	0.00077	0.00168	0.00084	0.00084
CAA	CCA	AC	-2.01373	0.01268	0.00393	2.01373	0.00169	0.00393	0.00197	0.00197
CAA	CAT	AT	-1.85043	0.00487	0.00168	1.85043	0.00077	0.00168	0.00084	0.00084
CAA	CAC	AC	-2.57334	0.01268	0.00269	2.57334	0.00097	0.00269	0.00135	0.00135
CAG	CTG	AT	1.71025	0.00200	0.00417	-1.71025	0.01104	0.00417	0.00208	0.00208
CAG	CCG	AC	-1.68134	0.00520	0.00200	1.68134	0.00097	0.00200	0.00100	0.00100
CAG	CAT	GT	0.99719	0.00200	0.00316	-0.99719	0.00541	0.00316	0.00158	0.00158
CAG	CAC	GC	0.27428	0.00520	0.00594	-0.27428	0.00684	0.00594	0.00297	0.00297
CAG	CAA	GA	2.84762	0.00875	0.02646	-2.84762	0.15094	0.02646	0.02646	0.02646
CGT	TGT	CT	9.38125	0.00000	0.00000	-9.38125	0.02889	0.00002	0.00000	0.00001
CGT	CTT	GT	10.85559	0.00000	0.00000	-10.85559	0.01453	0.00000	0.00000	0.00000
CGT	CCT	GC	9.89907	0.00000	0.00000	-9.89907	0.01453	0.00001	0.00000	0.00000
CGT	CAT	GA	10.55220	0.00000	0.00000	-10.55220	0.04701	0.00001	0.00000	0.00001
CGC	TGC	CT	5.13091	0.00069	0.00358	-5.13091	0.11736	0.00358	0.00179	0.00179
CGC	CTC	GT	6.09994	0.00008	0.00049	-6.09994	0.03561	0.00049	0.00024	0.00024
CGC	CCC	GC	4.44224	0.00021	0.00093	-4.44224	0.01766	0.00093	0.00047	0.00047
CGC	CAC	GA	5.13368	0.00035	0.00181	-5.13368	0.05939	0.00181	0.00090	0.00090
CGC	CGT	CT	-4.69562	0.00069	0.00003	4.69562	0.00000	0.00000	0.00003	0.00000
CGA	CTA	GT	1.91348	0.00080	0.00179	-1.91348	0.00541	0.00179	0.00090	0.00090
CGA	CCA	GC	1.75019	0.00208	0.00440	-1.75019	0.01197	0.00440	0.00220	0.00220
CGA	CAA	GA	3.76391	0.00350	0.01349	-3.76391	0.15094	0.01349	0.00674	0.00674
CGA	CGT	AT	-8.63872	0.00080	0.00000	8.63872	0.00000	0.00000	0.00000	0.00000
CGA	CGC	AC	-3.94311	0.00208	0.00016	3.94311	0.00004	0.00016	0.00016	0.00016
CGG	TGG	CT	1.41787	0.02012	0.03764	-1.41787	0.08306	0.03764	0.01882	0.01882
CGG	CTG	GT	3.51746	0.00232	0.00840	-3.51746	0.07806	0.00840	0.00420	0.00420
CGG	CCG	GC	0.12586	0.00603	0.00642	-0.12586	0.00684	0.00642	0.00321	0.00321
CGG	CAG	GA	1.80720	0.01015	0.02195	-1.80720	0.06186	0.02195	0.01097	0.01097
CGG	CGT	GT	-7.74781	0.00232	0.00001	7.74781	0.00000	0.00000	0.00001	0.00000
CGG	CGC	GC	-3.05219	0.00603	0.00091	3.05219	0.00028	0.00091	0.00091	0.00091
CGG	CGA	GA	0.89091	0.01015	0.01534	-0.89091	0.02474	0.01534	0.01534	0.01534
ATT	TTT	AT	-0.26278	0.00335	0.00293	0.26278	0.00258	0.00293	0.00147	0.00147
ATT	CTT	AC	-1.44637	0.00873	0.00389	1.44637	0.00206	0.00389	0.00194	0.00194
ATC	TTC	AT	0.07629	0.00288	0.00299	-0.07629	0.00310	0.00299	0.00149	0.00149
ATC	CTC	AC	-0.39573	0.00748	0.00610	0.39573	0.00504	0.00610	0.00305	0.00305
ATC	ATT	CT	1.11067	0.02498	0.04136	-1.11067	0.07584	0.04136	0.04136	0.04136
ATA	TTA	AT	-0.49294	0.00152	0.00117	0.49294	0.00093	0.00117	0.00059	0.00059
ATA	CTA	AC	-1.64052	0.00395	0.00156	1.64052	0.00077	0.00156	0.00078	0.00078
ATA	ATT	AT	0.10923	0.00152	0.00160	-0.10923	0.00169	0.00160	0.00160	0.00160
ATA	ATC	AC	-1.00144	0.00395	0.00230	1.00144	0.00145	0.00230	0.00230	0.00230
ATG	TTG	AT	-1.55947	0.00863	0.00358	1.55947	0.00181	0.00358	0.00179	0.00179
ATG	CTG	AC	-0.70952	0.02245	0.01542	0.70952	0.01104	0.01542	0.00771	0.00771
ATG	ATT	GT	0.32716	0.00863	0.01011	-0.32716	0.01197	0.01011	0.00506	0.00506
ATG	ATC	GC	-0.78351	0.02245	0.01479	0.78351	0.01026	0.01479	0.00740	0.00740
ATG	ATA	GA	0.21793	0.03781	0.04208	-0.21793	0.04701	0.04208	0.02104	0.02104
ACT	TCT	AT	-0.23201	0.00168	0.00149	0.23201	0.00133	0.00149	0.00075	0.00075
ACT	CCT	AC	-0.75322	0.00437	0.00293	0.75322	0.00206	0.00293	0.00146	0.00146
ACT	ATT	CT	1.64967	0.01457	0.02975	-1.64967	0.07584	0.02975	0.01487	0.01487
ACC	TCC	AT	-0.68400	0.00551	0.00384	0.68400	0.00278	0.00384	0.00192	0.00192
ACC	CCC	AC	-1.74749	0.01434	0.00529	1.74749	0.00250	0.00529	0.00264	0.00264
ACC	ATC	CT	0.30594	0.04787	0.05556	-0.30594	0.06500	0.05556	0.02778	0.02778
ACC	ACT	CT	-0.23306	0.04787	0.04251	0.23306	0.03792	0.04251	0.04251	0.04251
ACA	TCA	AT	-1.30815	0.00447	0.00217	1.30815	0.00121	0.00217	0.00108	0.00108
ACA	CCA	AC	-1.92820	0.01164	0.00382	1.92820	0.00169	0.00382	0.00191	0.00191
ACA	ATA	CT	-0.12439	0.03885	0.03648	0.12439	0.03431	0.03648	0.01824	0.01824
ACA	ACT	AT	-1.66483	0.00447	0.00174	1.66483	0.00085	0.00174	0.00174	0.00174
ACA	ACC	AC	-1.43177	0.01164	0.00523	1.43177	0.00278	0.00523	0.00523	0.00523
ACG	TCG	AT	-0.85105	0.00104	0.00066	0.85105	0.00044	0.00066	0.00033	0.00033
ACG	CCG	AC	-1.02742	0.00270	0.00155	1.02742	0.00097	0.00155	0.00077	0.00077
ACG	ATG	CT	3.07370	0.00902	0.02907	-3.07370	0.19501	0.02907	0.01453	0.01453
ACG	ACT	GT	1.75120	0.00104	0.00220	-1.75120	0.00598	0.00220	0.00220	0.00220
ACG	ACC	GC	1.98426	0.00270	0.00622	-1.98426	0.01966	0.00622	0.00622	0.00622
ACG	ACA	GA	3.41603	0.00455	0.01607	-3.41603	0.13857	0.01607	0.01607	0.01607
AAT	TAT	AT	-0.87974	0.00359	0.00224	0.87974	0.00149	0.00224	0.00112	0.00112
AAT	CAT	AC	-2.50274	0.00936	0.00209	2.50274	0.00077	0.00209	0.00104	0.00104
AAT	ATT	AT	-0.75299	0.00359	0.00241	0.75299	0.00169	0.00241	0.00120	0.00120
AAT	ACT	AC	-2.40266	0.00936	0.00224	2.40266	0.00085	0.00224	0.00112	0.00112
AAC	TAC	AT	-0.12719	0.00407	0.00382	0.12719	0.00359	0.00382	0.00191	0.00191
AAC	CAC	AC	-2.39429	0.01060	0.00255	2.39429	0.00097	0.00255	0.00127	0.00127
AAC	ATC	AT	-1.03230	0.00407	0.00233	1.03230	0.00145	0.00233	0.00116	0.00116
AAC	ACC	AC	-1.33824	0.01060	0.00505	1.33824	0.00278	0.00505	0.00252	0.00252
AAC	AAT	CT	0.83136	0.03538	0.05210	-0.83136	0.08125	0.05210	0.05210	0.05210
AAA	CAA	AC	-1.93637	0.01705	0.00556	1.93637	0.00246	0.00556	0.00278	0.00278
AAA	ATA	AT	-2.14628	0.00655	0.00186	2.14628	0.00077	0.00186	0.00093	0.00093
AAA	ACA	AC	-2.02189	0.01705	0.00526	2.02189	0.00226	0.00526	0.00263	0.00263
AAA	AAT	AT	-1.28405	0.00655	0.00322	1.28405	0.00181	0.00322	0.00161	0.00161
AAA	AAC	AC	-2.11541	0.01705	0.00494	2.11541	0.00206	0.00494	0.00247	0.00247
AAG	CAG	AC	-3.24193	0.02578	0.00340	3.24193	0.00101	0.00340	0.00170	0.00170
AAG	ATG	AT	-0.82215	0.00991	0.00639	0.82215	0.00435	0.00639	0.00319	0.00319
AAG	ACG	AC	-3.89585	0.02578	0.00208	3.89585	0.00052	0.00208	0.00104	0.00104
AAG	AAT	GT	0.25801	0.00991	0.01124	-0.25801	0.01282	0.01124	0.00562	0.00562
AAG	AAC	GC	-0.57335	0.02578	0.01909	0.57335	0.01453	0.01909	0.00955	0.00955
AAG	AAA	GA	1.54206	0.04341	0.08516	-1.54206	0.20290	0.08516	0.08516	0.08516
AGT	TGT	AT	-0.74462	0.00136	0.00091	0.74462	0.00064	0.00091	0.00046	0.00046
AGT	CGT	AC	-10.12587	0.00353	0.00000	10.12587	0.00000	0.00000	0.00000	0.00000
AGT	ATT	GT	2.17608	0.00136	0.00333	-2.17608	0.01197	0.00333	0.00167	0.00167
AGT	ACT	GC	0.52641	0.00353	0.00455	-0.52641	0.00598	0.00455	0.00227	0.00227
AGT	AAT	GA	2.92907	0.00595	0.01842	-2.92907	0.11135	0.01842	0.00921	0.00921
AGC	TGC	AT	-0.97552	0.00695	0.00410	0.97552	0.00262	0.00410	0.00205	0.00205
AGC	CGC	AC	-6.10643	0.01809	0.00025	6.10643	0.00004	0.00025	0.00012	0.00012
AGC	ATC	GT	0.38924	0.00695	0.00839	-0.38924	0.01026	0.00839	0.00419	0.00419
AGC	ACC	GC	0.08330	0.01809	0.01885	-0.08330	0.01966	0.01885	0.00943	0.00943
AGC	AAC	GA	1.42154	0.03046	0.05707	-1.42154	0.12619	0.05707	0.02853	0.02853
AGC	AGT	CT	-0.67617	0.06036	0.04223	0.67617	0.03070	0.04223	0.04223	0.04223
AGA	CGA	AC	-2.80367	0.00665	0.00120	2.80367	0.00040	0.00120	0.00120	0.00120
AGA	ATA	GT	0.75033	0.00256	0.00363	-0.75033	0.00541	0.00363	0.00182	0.00182
AGA	ACA	GC	0.87472	0.00665	0.00998	-0.87472	0.01595	0.00998	0.00499	0.00499
AGA	AAA	GA	2.89661	0.01120	0.03434	-2.89661	0.20290	0.03434	0.01717	0.01717
AGA	AGT	AT	-1.31652	0.00256	0.00123	1.31652	0.00069	0.00123	0.00062	0.00062
AGA	AGC	AC	-0.64035	0.00665	0.00475	0.64035	0.00351	0.00475	0.00237	0.00237
AGG	TGG	AT	-1.06005	0.00535	0.00301	1.06005	0.00185	0.00301	0.00150	0.00150
AGG	CGG	AC	-2.47792	0.01393	0.00316	2.47792	0.00117	0.00316	0.00316	0.00316
AGG	ATG	GT	1.74906	0.00535	0.01133	-1.74906	0.03077	0.01133	0.00567	0.00567
AGG	ACG	GC	-1.32464	0.01393	0.00668	1.32464	0.00370	0.00668	0.00334	0.00334
AGG	AAG	GA	2.57121	0.02345	0.06530	-2.57121	0.30683	0.06530	0.03265	0.03265
AGG	AGT	GT	-0.09985	0.00535	0.00509	0.09985	0.00484	0.00509	0.00254	0.00254
AGG	AGC	GC	0.57632	0.01393	0.01833	-0.57632	0.02479	0.01833	0.00916	0.00916
AGG	AGA	GA	1.21667	0.02345	0.04055	-1.21667	0.07918	0.04055	0.04055	0.04055
GTT	TTT	GT	1.74163	0.00320	0.00675	-1.74163	0.01823	0.00675	0.00337	0.00337
GTT	CTT	GC	0.55805	0.00832	0.01085	-0.55805	0.01453	0.01085	0.00543	0.00543
GTT	ATT	GA	2.00441	0.01400	0.03244	-2.00441	0.10392	0.03244	0.01622	0.01622
GTC	TTC	GT	1.35275	0.00567	0.01035	-1.35275	0.02194	0.01035	0.00517	0.00517
GTC	CTC	GC	0.88074	0.01476	0.02220	-0.88074	0.03561	0.02220	0.01110	0.01110
GTC	ATC	GA	1.27646	0.02485	0.04400	-1.27646	0.08908	0.04400	0.02200	0.02200
GTC	GTT	CT	0.38272	0.04926	0.05928	-0.38272	0.07222	0.05928	0.05928	0.05928
GTA	TTA	GT	1.36260	0.00168	0.00307	-1.36260	0.00655	0.00307	0.00154	0.00154
GTA	CTA	GC	0.21502	0.00437	0.00485	-0.21502	0.00541	0.00485	0.00243	0.00243
GTA	ATA	GA	1.85554	0.00735	0.01617	-1.85554	0.04701	0.01617	0.00808	0.00808
GTA	GTT	AT	-0.03964	0.00168	0.00164	0.03964	0.00161	0.00164	0.00164	0.00164
GTA	GTC	AC	-0.42236	0.00437	0.00351	0.42236	0.00286	0.00351	0.00351	0.00351
GTG	TTG	GT	0.18045	0.01070	0.01170	-0.18045	0.01282	0.01170	0.00585	0.00585
GTG	CTG	GC	1.03039	0.02786	0.04463	-1.03039	0.07806	0.04463	0.02232	0.02232
GTG	ATG	GA	1.73991	0.04691	0.09900	-1.73991	0.26723	0.09900	0.04950	0.04950
GTG	GTT	GT	0.06266	0.01070	0.01104	-0.06266	0.01140	0.01104	0.01104	0.01104
GTG	GTC	GC	-0.32006	0.02786	0.02364	0.32006	0.02023	0.02364	0.02364	0.02364
GTG	GTA	GA	0.10231	0.04691	0.04935	-0.10231	0.05196	0.04935	0.04935	0.04935
GCT	TCT	GT	-0.05215	0.00991	0.00965	0.05215	0.00940	0.00965	0.00482	0.00482
GCT	CCT	GC	-0.57335	0.02578	0.01909	0.57335	0.01453	0.01909	0.00955	0.00955
GCT	ACT	GA	0.17986	0.04341	0.04743	-0.17986	0.05196	0.04743	0.02371	0.02371
GCT	GTT	CT	-0.17488	0.08603	0.07872	0.17488	0.07222	0.07872	0.03936	0.03936
GCC	TCC	GT	0.95185	0.00759	0.01176	-0.95185	0.01966	0.01176	0.00588	0.00588
GCC	CCC	GC	-0.11164	0.01975	0.01867	0.11164	0.01766	0.01867	0.00933	0.00933
GCC	ACC	GA	1.63585	0.03326	0.06756	-1.63585	0.17073	0.06756	0.03378	0.03378
GCC	GTC	CT	0.66533	0.06591	0.09025	-0.66533	0.12820	0.09025	0.04512	0.04512
GCC	GCT	CT	1.22293	0.06591	0.11422	-1.22293	0.22389	0.11422	0.11422	0.11422
GCA	TCA	GT	0.34209	0.00607	0.00717	-0.34209	0.00855	0.00717	0.00358	0.00358
GCA	CCA	GC	-0.27796	0.01580	0.01371	0.27796	0.01197	0.01371	0.00685	0.00685
GCA	ACA	GA	1.65024	0.02661	0.05434	-1.65024	0.13857	0.05434	0.02717	0.02717
GCA	GTA	CT	-0.32969	0.05273	0.04451	0.32969	0.03792	0.04451	0.02226	0.02226
GCA	GCT	AT	-0.19445	0.00607	0.00550	0.19445	0.00500	0.00550	0.00550	0.00550
GCA	GCC	AC	-1.41738	0.01580	0.00716	1.41738	0.00383	0.00716	0.00716	0.00716
GCG	TCG	GT	0.14316	0.00272	0.00291	-0.14316	0.00313	0.00291	0.00146	0.00146
GCG	CCG	GC	-0.03320	0.00707	0.00695	0.03320	0.00684	0.00695	0.00348	0.00348
GCG	ACG	GA	0.99421	0.01190	0.01878	-0.99421	0.03217	0.01878	0.00939	0.00939
GCG	GTG	CT	2.32800	0.02359	0.06084	-2.32800	0.24195	0.06084	0.03042	0.03042
GCG	GCT	GT	2.56555	0.00272	0.00755	-2.56555	0.03533	0.00755	0.00755	0.00755
GCG	GCC	GC	1.34262	0.00707	0.01284	-1.34262	0.02707	0.01284	0.01284	0.01284
GCG	GCA	GA	2.76000	0.01190	0.03507	-2.76000	0.18805	0.03507	0.03507	0.03507
GAT	TAT	GT	1.19366	0.00320	0.00547	-1.19366	0.01054	0.00547	0.00274	0.00274
GAT	CAT	GC	-0.42934	0.00832	0.00666	0.42934	0.00541	0.00666	0.00333	0.00333
GAT	AAT	GA	2.07341	0.01400	0.03321	-2.07341	0.11135	0.03321	0.01660	0.01660
GAT	GTT	AT	-0.68400	0.00320	0.00223	0.68400	0.00161	0.00223	0.00111	0.00111
GAT	GCT	AC	-0.50912	0.00832	0.00638	0.50912	0.00500	0.00638	0.00319	0.00319
GAC	TAC	GT	1.26045	0.00719	0.01265	-1.26045	0.02536	0.01265	0.00632	0.00632
GAC	CAC	GC	-1.00665	0.01871	0.01085	1.00665	0.00684	0.01085	0.00542	0.00542
GAC	AAC	GA	1.38764	0.03151	0.05827	-1.38764	0.12619	0.05827	0.02913	0.02913
GAC	GTC	AT	-0.92113	0.00719	0.00438	0.92113	0.00286	0.00438	0.00219	0.00219
GAC	GCC	AC	-1.58645	0.01871	0.00764	1.58645	0.00383	0.00764	0.00382	0.00382
GAC	GAT	CT	0.14559	0.06244	0.06709	-0.14559	0.07222	0.06709	0.06709	0.06709
GAA	CAA	GC	0.57583	0.00977	0.01285	-0.57583	0.01738	0.01285	0.00643	0.00643
GAA	AAA	GA	2.51219	0.01645	0.04498	-2.51219	0.20290	0.04498	0.02249	0.02249
GAA	GTA	AT	-1.48962	0.00375	0.00163	1.48962	0.00085	0.00163	0.00081	0.00081
GAA	GCA	AC	-1.15994	0.00977	0.00518	1.15994	0.00306	0.00518	0.00259	0.00259
GAA	GAT	AT	-0.84527	0.00375	0.00239	0.84527	0.00161	0.00239	0.00119	0.00119
GAA	GAC	AC	-0.99086	0.00977	0.00572	0.99086	0.00363	0.00572	0.00286	0.00286
GAG	CAG	GC	-1.04073	0.02017	0.01146	1.04073	0.00712	0.01146	0.00573	0.00573
GAG	AAG	GA	2.20119	0.03396	0.08405	-2.20119	0.30683	0.08405	0.04202	0.04202
GAG	GTG	AT	-0.36087	0.00775	0.00643	0.36087	0.00540	0.00643	0.00322	0.00322
GAG	GCG	AC	-2.68887	0.02017	0.00395	2.68887	0.00137	0.00395	0.00198	0.00198
GAG	GAT	GT	0.38579	0.00775	0.00934	-0.38579	0.01140	0.00934	0.00467	0.00467
GAG	GAC	GC	0.24020	0.02017	0.02268	-0.24020	0.02564	0.02268	0.01134	0.01134
GAG	GAA	GA	1.23106	0.03396	0.05904	-1.23106	0.11630	0.05904	0.05904	0.05904
GGT	TGT	GT	-0.03332	0.00471	0.00463	0.03332	0.00456	0.00463	0.00232	0.00232
GGT	CGT	GC	-9.41457	0.01227	0.00001	9.41457	0.00000	0.00000	0.00000	0.00000
GGT	AGT	GA	0.71130	0.02065	0.02886	-0.71130	0.04206	0.02886	0.01443	0.01443
GGT	GTT	GT	0.88297	0.00471	0.00710	-0.88297	0.01140	0.00710	0.00355	0.00355
GGT	GCT	GC	1.05785	0.01227	0.01988	-1.05785	0.03533	0.01988	0.00994	0.00994
GGT	GAT	GA	1.56697	0.02065	0.04090	-1.56697	0.09898	0.04090	0.02045	0.02045
GGC	TGC	GT	0.88166	0.00767	0.01154	-0.88166	0.01852	0.01154	0.00577	0.00577
GGC	CGC	GC	-4.24925	0.01996	0.00123	4.24925	0.00028	0.00123	0.00061	0.00061
GGC	AGC	GA	1.85718	0.03361	0.07396	-1.85718	0.21527	0.07396	0.03698	0.03698
GGC	GTC	GT	0.96996	0.00767	0.01198	-0.96996	0.02023	0.01198	0.00599	0.00599
GGC	GCC	GC	0.30463	0.01996	0.02315	-0.30463	0.02707	0.02315	0.01158	0.01158
GGC	GAC	GA	1.89108	0.03361	0.07485	-1.89108	0.22270	0.07485	0.03742	0.03742
GGC	GGT	CT	0.46971	0.06660	0.08346	-0.46971	0.10653	0.08346	0.08346	0.08346
GGA	CGA	GC	-1.82496	0.01767	0.00620	1.82496	0.00285	0.00620	0.00310	0.00310
GGA	AGA	GA	0.97871	0.02976	0.04666	-0.97871	0.07918	0.04666	0.02333	0.02333
GGA	GTA	GT	-0.12650	0.00679	0.00637	0.12650	0.00598	0.00637	0.00318	0.00318
GGA	GCA	GC	0.20318	0.01767	0.01953	-0.20318	0.02165	0.01953	0.00976	0.00976
GGA	GAA	GA	1.36312	0.02976	0.05451	-1.36312	0.11630	0.05451	0.02725	0.02725
GGA	GGT	AT	-1.04911	0.00679	0.00384	1.04911	0.00238	0.00384	0.00384	0.00384
GGA	GGC	AC	-1.51882	0.01767	0.00752	1.51882	0.00387	0.00752	0.00752	0.00752
GGG	TGG	GT	0.39979	0.00879	0.01066	-0.39979	0.01311	0.01066	0.00533	0.00533
GGG	CGG	GC	-1.01808	0.02287	0.01317	1.01808	0.00826	0.01317	0.00658	0.00658
GGG	AGG	GA	1.45984	0.03851	0.07322	-1.45984	0.16578	0.07322	0.03661	0.03661
GGG	GTG	GT	1.46898	0.00879	0.01677	-1.46898	0.03818	0.01677	0.00838	0.00838
GGG	GCG	GC	-0.85902	0.02287	0.01444	0.85902	0.00969	0.01444	0.00722	0.00722
GGG	GAG	GA	1.82985	0.03851	0.08393	-1.82985	0.24002	0.08393	0.04196	0.04196
GGG	GGT	GT	0.64868	0.00879	0.01194	-0.64868	0.01681	0.01194	0.01194	0.01194
GGG	GGC	GC	0.17897	0.02287	0.02498	-0.17897	0.02735	0.02498	0.02498	0.02498
GGG	GGA	GA	1.69779	0.03851	0.08003	-1.69779	0.21032	0.08003	0.08003	0.08003


Histograms
2Ns	FMut	FSub(CodonUsage)	FSubw(after w)

-10.33866	0.00496	0.00000	0.00000
-9.30479	0.00256	0.00000	0.00000
-8.27093	0.00005	0.00000	0.00000
-7.23706	0.00014	0.00000	0.00000
-6.20319	0.00335	0.00007	0.00005
-5.16933	0.01105	0.00050	0.00037
-4.13546	0.01348	0.00164	0.00124
-3.10160	0.11227	0.02450	0.02463
-2.06773	0.27754	0.12910	0.10602
-1.03387	0.25458	0.21100	0.22087
0.00000	0.18420	0.26640	0.29364
1.03387	0.09107	0.21100	0.22087
2.06773	0.03915	0.12910	0.10602
3.10160	0.00524	0.02450	0.02463
4.13546	0.00028	0.00164	0.00124
5.16933	0.00007	0.00049	0.00037
6.20319	0.00001	0.00007	0.00005
7.23706	0.00000	0.00000	0.00000
8.27093	0.00000	0.00000	0.00000
9.30479	0.00000	0.00000	0.00000
10.33866	0.00000	0.00000	0.00000

Proportion of advantageous (S > 0) mutations:
 0.21614

Proportions of good & bad mutations (|S| > 2.0000) among mutations:
0.01815  0.27494

mean |Ns| = 1.61460	mean Ns+ = 0.93404	mean Ns- = -1.80226

