

TREE # 1

  0  0.0000   2869.434826  x:  0.08435   0.03929   0.10782   0.06624   0.03851   0.01288   0.05391   0.10919   0.07687   0.02470   0.08538   0.09685   0.01512   0.04037   0.03453   0.56147   0.59901   0.58173   0.44343   0.56926   0.51562  
  1 99.0000   2798.841537  x:  0.09813   0.04153   0.09162   0.03730   0.01809   0.05168   0.03463   0.08625   0.07268   0.08537   0.05826   0.07038   0.00000   0.01817   0.04646   0.57672   0.59947   0.58295   0.44315   0.56364   0.51611  
  2 1294.5675   2773.878370  x:  0.10696   0.04295   0.08119   0.01868   0.00501   0.07637   0.02224   0.07150   0.06999   0.12406   0.04080   0.05336   0.00212   0.00402   0.05406   0.58654   0.59977   0.58373   0.44296   0.56003   0.51642  
  3 38924.4541   2751.580586  x:  0.11330   0.04280   0.07089   0.00000   0.01407   0.08411   0.01350   0.05676   0.06784   0.14136   0.02182   0.03535   0.00269   0.01960   0.05601   0.59670   0.60010   0.58456   0.44276   0.55615   0.51678  
  4 1688.7089   2742.920977  x:  0.11883   0.04258   0.06170   0.00337   0.02146   0.09022   0.00645   0.04355   0.06596   0.15584   0.00463   0.01912   0.00316   0.03176   0.05745   0.60590   0.60040   0.58532   0.44257   0.55262   0.51711  
  5 3472.2125   2739.717261  x:  0.11985   0.04233   0.05943   0.00342   0.02159   0.08976   0.00947   0.04035   0.06560   0.15706   0.00069   0.01501   0.00318   0.03212   0.05704   0.60853   0.60049   0.58554   0.44251   0.55158   0.51721  
  6 1209.4330   2735.055664  x:  0.12255   0.04162   0.05326   0.00361   0.02191   0.08804   0.01409   0.03169   0.06467   0.15991   0.00309   0.00448   0.00323   0.03305   0.05576   0.61585   0.60074   0.58616   0.44235   0.54866   0.51749  
  7 1224.7033   2728.412002  x:  0.12814   0.03956   0.03884   0.00325   0.01961   0.07809   0.01147   0.01270   0.06297   0.16064   0.00256   0.00598   0.00306   0.03044   0.05069   0.63602   0.60145   0.58788   0.44190   0.54049   0.51829  
  8 570.6391   2722.545654  x:  0.13709   0.03774   0.02258   0.00286   0.01809   0.06443   0.00731   0.01915   0.06107   0.16480   0.00152   0.00297   0.00291   0.02749   0.04475   0.67188   0.60272   0.59099   0.44106   0.52575   0.51974  
  9 491.5327   2718.433050  x:  0.14624   0.03692   0.01432   0.00320   0.01972   0.05643   0.01155   0.02300   0.05940   0.17420   0.00273   0.00777   0.00298   0.02892   0.04157   0.70732   0.60398   0.59409   0.44022   0.51110   0.52117  
 10 1499.9530   2699.690575  x:  0.17901   0.03480   0.03135   0.00309   0.02090   0.01917   0.01219   0.02602   0.05568   0.19972   0.00295   0.00940   0.00291   0.02718   0.02872   0.85599   0.60935   0.60722   0.43660   0.44888   0.52729  
 11 1679.6026   2649.158317  x:  0.22852   0.03897   0.04483   0.00265   0.02284   0.07524   0.01160   0.02988   0.07519   0.13055   0.00317   0.01154   0.00267   0.02229   0.05769   1.41458   0.63105   0.65884   0.42120   0.20447   0.55195  
 12 936.5072   2641.488701  x:  0.17181   0.03674   0.04536   0.00308   0.00805   0.07900   0.01202   0.03046   0.05662   0.13622   0.00324   0.01172   0.00269   0.03394   0.04948   1.49938   0.63624   0.66846   0.41677   0.20001   0.55811  
 13 228.9777   2636.803606  x:  0.12350   0.03727   0.04490   0.00288   0.01822   0.08055   0.01193   0.02985   0.04689   0.14279   0.00316   0.01146   0.00279   0.02766   0.04461   1.56532   0.64052   0.67617   0.41306   0.20206   0.56327  
 14 1045.2584   2634.447096  x:  0.10049   0.04357   0.04321   0.00295   0.01652   0.07582   0.01198   0.02905   0.06475   0.14776   0.00309   0.01111   0.00280   0.02930   0.05064   1.60393   0.64370   0.68128   0.41022   0.21736   0.56723  
 15 262.8704   2630.834546  x:  0.10528   0.03138   0.04610   0.00292   0.01610   0.08388   0.01195   0.03003   0.05735   0.13816   0.00315   0.01158   0.00276   0.02901   0.05567   1.69007   0.65508   0.69685   0.39942   0.31045   0.58206  
 16 109.3047   2630.350581  x:  0.10716   0.04085   0.04633   0.00292   0.01583   0.08606   0.01194   0.03005   0.05465   0.13615   0.00315   0.01161   0.00275   0.02911   0.05186   1.70111   0.65722   0.69975   0.39718   0.32304   0.58494  
 17 140.4924   2630.274518  x:  0.10739   0.03999   0.04653   0.00293   0.01591   0.08784   0.01198   0.03016   0.05684   0.13616   0.00316   0.01166   0.00276   0.02916   0.04727   1.70195   0.65931   0.70257   0.39459   0.32406   0.58794  
 18 19.6809   2628.481919  x:  0.10859   0.04010   0.04625   0.00289   0.01596   0.08631   0.01197   0.02998   0.05647   0.13436   0.00309   0.01160   0.00273   0.02830   0.04922   1.70226   0.74625   0.81961   0.28641   0.32540   0.71395  
 19 24.3002   2617.365155  x:  0.11561   0.04045   0.04286   0.00251   0.01568   0.07282   0.01207   0.02658   0.05957   0.09816   0.00230   0.01048   0.00220   0.01399   0.05741   1.72561   1.79666   2.25158   1.11888   0.32858   2.87258  
 20 19.3717   2608.887789  x:  0.11418   0.04040   0.04199   0.00246   0.01427   0.06671   0.01402   0.02316   0.06791   0.06589   0.00212   0.00863   0.00188   0.00588   0.05482   1.98134   1.24177   1.24890   0.78974   0.31470   3.73037  
 21  2.7661   2603.080976  x:  0.11721   0.04043   0.04189   0.00268   0.01281   0.06045   0.01680   0.02048   0.07470   0.06762   0.00197   0.00672   0.00201   0.01346   0.05309   2.20450   0.71153   0.74872   0.59555   0.30876   4.56356  
 22  5.4927   2592.794404  x:  0.12775   0.04019   0.04159   0.00264   0.01201   0.03606   0.02219   0.01578   0.08464   0.09662   0.00181   0.00300   0.00219   0.01847   0.04801   2.68843   0.79801   1.68112   0.72479   0.32859   4.57625  
 23  1.4203   2590.207480  x:  0.12808   0.03969   0.04399   0.00255   0.01208   0.03222   0.02257   0.01831   0.08504   0.10521   0.00189   0.00477   0.00226   0.02050   0.04413   2.91587   1.61761   1.33931   0.74501   0.32403   4.63752  
 24  2.9847   2582.713623  x:  0.12263   0.03639   0.05209   0.00211   0.01293   0.03739   0.02006   0.02880   0.07267   0.10141   0.00221   0.01211   0.00229   0.01784   0.03014   3.49152   0.71870   1.63545   0.53561   0.36085   5.08425  
 25  1.3079   2578.049121  x:  0.12896   0.03773   0.05338   0.00157   0.01529   0.02723   0.01917   0.02900   0.06421   0.09305   0.00201   0.01310   0.00227   0.01358   0.04862   4.14111   0.53966   1.21221   0.28494   0.36631   5.66821  
 26  0.8315   2575.022769  x:  0.13070   0.03866   0.05253   0.00123   0.01582   0.04165   0.01934   0.02391   0.06101   0.08234   0.00163   0.01078   0.00236   0.01286   0.04592   4.78817   0.84031   0.85476   0.30817   0.37080   6.66616  
 27  0.9205   2572.735227  x:  0.13054   0.03870   0.05084   0.00101   0.01530   0.04118   0.01903   0.02166   0.06426   0.08690   0.00150   0.01026   0.00239   0.01057   0.04397   5.30734   0.50661   0.77854   0.30017   0.36519   7.76579  
 28  1.5985   2570.872591  x:  0.12770   0.03774   0.04834   0.00106   0.01252   0.03600   0.01977   0.02137   0.07068   0.08340   0.00191   0.00927   0.00261   0.01406   0.03827   6.09638   0.34477   0.96682   0.24268   0.36311   8.56848  
 29  1.0276   2570.196357  x:  0.12715   0.03747   0.04720   0.00109   0.01211   0.03410   0.02014   0.02134   0.07314   0.08662   0.00207   0.00846   0.00270   0.01472   0.03677   6.42231   0.43125   0.92210   0.22457   0.35999   8.93972  
 30  2.1166   2569.077338  x:  0.13140   0.03775   0.04588   0.00118   0.01476   0.03732   0.01999   0.02404   0.07216   0.09708   0.00237   0.00769   0.00298   0.01346   0.04351   7.35372   0.33049   0.78002   0.15375   0.36274  10.22270  
 31  1.2059   2568.824309  x:  0.13155   0.03796   0.04514   0.00127   0.01487   0.03776   0.01978   0.02454   0.07123   0.09651   0.00240   0.00747   0.00306   0.01379   0.04559   7.59529   0.35149   0.80858   0.19068   0.36368  10.62857  
 32  1.5486   2568.395255  x:  0.12852   0.03836   0.04314   0.00145   0.01336   0.03839   0.01831   0.02435   0.06677   0.08731   0.00216   0.00748   0.00325   0.01367   0.04494   8.39657   0.28969   0.73613   0.15029   0.37044  11.70252  
 33  0.9276   2568.247161  x:  0.13132   0.03792   0.04282   0.00168   0.01361   0.03801   0.01780   0.02422   0.06896   0.09131   0.00206   0.00793   0.00340   0.01303   0.04177   8.85532   0.26024   0.69808   0.12803   0.37430  12.36326  
 34  0.5164   2568.205685  x:  0.13163   0.03770   0.04332   0.00189   0.01366   0.03795   0.01782   0.02432   0.06958   0.09136   0.00207   0.00834   0.00350   0.01323   0.04244   9.00298   0.27750   0.71465   0.13925   0.37623  12.59491  
 35  0.1985   2568.179784  x:  0.13030   0.03772   0.04388   0.00215   0.01346   0.03791   0.01795   0.02412   0.06918   0.09052   0.00206   0.00862   0.00361   0.01320   0.04316   9.17387   0.25865   0.70446   0.12883   0.37739  12.85986  
 36  0.1808   2568.161266  x:  0.13034   0.03803   0.04452   0.00235   0.01353   0.03777   0.01845   0.02347   0.06948   0.09118   0.00201   0.00839   0.00370   0.01302   0.04248   9.09403   0.26226   0.69017   0.13007   0.37466  12.84655  
 37  0.0264   2568.138308  x:  0.13169   0.03808   0.04504   0.00253   0.01338   0.03793   0.01831   0.02385   0.06915   0.09017   0.00198   0.00824   0.00386   0.01317   0.04306   8.92432   0.27366   0.69896   0.13212   0.37299  12.73011  
 38  0.0588   2568.111003  x:  0.13179   0.03790   0.04500   0.00268   0.01320   0.03785   0.01773   0.02439   0.06860   0.09068   0.00198   0.00815   0.00409   0.01310   0.04326   8.78139   0.27027   0.72160   0.13842   0.37212  12.71188  
 39  0.0878   2568.084968  x:  0.13015   0.03775   0.04408   0.00278   0.01324   0.03754   0.01710   0.02415   0.06896   0.09129   0.00205   0.00808   0.00438   0.01295   0.04239   8.80878   0.27811   0.71893   0.13911   0.37405  12.94717  
 40  0.1080   2568.058187  x:  0.13100   0.03803   0.04352   0.00274   0.01370   0.03810   0.01751   0.02364   0.06994   0.09016   0.00220   0.00806   0.00474   0.01305   0.04289   8.76536   0.27335   0.72376   0.13801   0.37731  13.14676  
 41  0.0580   2568.023965  x:  0.12994   0.03774   0.04328   0.00243   0.01307   0.03800   0.01820   0.02393   0.06886   0.09110   0.00218   0.00836   0.00514   0.01296   0.04323   8.69002   0.27909   0.71731   0.13948   0.37752  13.44089  
 42  0.0905   2568.011591  x:  0.13124   0.03773   0.04338   0.00227   0.01335   0.03781   0.01818   0.02403   0.06914   0.09072   0.00201   0.00849   0.00534   0.01293   0.04257   8.76246   0.27615   0.71200   0.13810   0.37546  13.73082  
 43  0.1456   2568.006614  x:  0.13050   0.03799   0.04395   0.00226   0.01336   0.03788   0.01801   0.02401   0.06912   0.09074   0.00200   0.00836   0.00548   0.01299   0.04288   8.77183   0.27553   0.71444   0.13784   0.37304  13.88439  
 44  0.0589   2568.004437  x:  0.13065   0.03790   0.04408   0.00215   0.01333   0.03790   0.01793   0.02395   0.06927   0.09083   0.00209   0.00829   0.00550   0.01297   0.04286   8.80230   0.27491   0.71694   0.13800   0.37427  14.00215  
 45  0.0465   2568.002544  x:  0.13094   0.03782   0.04453   0.00220   0.01334   0.03766   0.01790   0.02392   0.06908   0.09063   0.00209   0.00820   0.00545   0.01292   0.04272   8.78848   0.27555   0.71681   0.13814   0.37505  14.05132  
 46  0.0138   2567.992591  x:  0.13032   0.03785   0.04466   0.00211   0.01341   0.03742   0.01804   0.02406   0.06877   0.09058   0.00199   0.00827   0.00548   0.01297   0.04296   8.79708   0.27458   0.71548   0.13722   0.37769  14.64635  
 47  0.0744   2567.960366  x:  0.12893   0.03795   0.04467   0.00205   0.01359   0.03732   0.01814   0.02433   0.06914   0.09092   0.00173   0.00828   0.00547   0.01326   0.04338   8.77180   0.27479   0.71533   0.13663   0.38509  18.00489  
 48  0.8457   2567.847078  x:  0.13174   0.03752   0.04393   0.00234   0.01311   0.03858   0.01758   0.02383   0.07048   0.09106   0.00231   0.00801   0.00514   0.01309   0.04234   8.66197   0.28126   0.71494   0.14106   0.37434  26.34698  
 49  1.2374   2567.778155  x:  0.12991   0.03812   0.04412   0.00220   0.01352   0.03745   0.01817   0.02416   0.06838   0.09044   0.00188   0.00861   0.00515   0.01302   0.04307   8.66693   0.27879   0.71544   0.13903   0.37169  37.87562  
 50  3.8194   2567.731779  x:  0.13120   0.03781   0.04419   0.00215   0.01328   0.03795   0.01772   0.02370   0.06963   0.09098   0.00226   0.00821   0.00510   0.01292   0.04273   8.68651   0.28240   0.74646   0.14431   0.37695  56.70106  
 51  5.3284   2567.700219  x:  0.13037   0.03799   0.04392   0.00229   0.01337   0.03776   0.01814   0.02404   0.06880   0.09060   0.00189   0.00839   0.00524   0.01293   0.04283   8.65403   0.28163   0.73800   0.14305   0.37195  81.70391  
 52  8.3122   2567.678284  x:  0.13088   0.03772   0.04410   0.00218   0.01333   0.03792   0.01792   0.02394   0.06944   0.09086   0.00216   0.00817   0.00512   0.01292   0.04289   8.73665   0.27973   0.73820   0.14201   0.37767  123.82022  
 53 11.7006   2567.663433  x:  0.13063   0.03800   0.04400   0.00224   0.01335   0.03782   0.01802   0.02406   0.06901   0.09065   0.00196   0.00835   0.00523   0.01298   0.04276   8.65948   0.28071   0.72485   0.14111   0.37191  176.43078  
 54 17.8723   2567.653457  x:  0.13059   0.03781   0.04416   0.00221   0.01337   0.03781   0.01786   0.02391   0.06926   0.09081   0.00212   0.00835   0.00511   0.01304   0.04290   8.70785   0.27915   0.72518   0.14044   0.37666  265.84403  
 55 25.5360   2567.646988  x:  0.13077   0.03795   0.04410   0.00221   0.01335   0.03783   0.01795   0.02398   0.06911   0.09074   0.00200   0.00835   0.00523   0.01303   0.04273   8.65443   0.28105   0.72302   0.14109   0.37234  376.17033  
 56 36.7687   2567.641868  x:  0.13052   0.03783   0.04405   0.00224   0.01336   0.03781   0.01794   0.02396   0.06915   0.09076   0.00206   0.00833   0.00512   0.01298   0.04292   8.71538   0.27904   0.73074   0.14097   0.37612  575.93277  
 57 54.7971   2567.638975  x:  0.13081   0.03791   0.04407   0.00220   0.01334   0.03786   0.01799   0.02398   0.06916   0.09074   0.00202   0.00828   0.00521   0.01295   0.04277   8.66781   0.28165   0.73333   0.14242   0.37334  799.07713  
 58 82.1140   2567.637303  x:  0.13066   0.03789   0.04405   0.00222   0.01335   0.03783   0.01798   0.02397   0.06915   0.09073   0.00203   0.00832   0.00517   0.01295   0.04282   8.68516   0.28064   0.73310   0.14197   0.37423  999.00000  
 59 111.6871   2567.637244  x:  0.13066   0.03788   0.04407   0.00222   0.01335   0.03783   0.01796   0.02397   0.06916   0.09075   0.00204   0.00832   0.00517   0.01298   0.04283   8.68554   0.28044   0.73052   0.14158   0.37446  999.00000  
 60  0.0017   2567.637239  x:  0.13067   0.03789   0.04407   0.00222   0.01335   0.03783   0.01796   0.02397   0.06916   0.09075   0.00204   0.00832   0.00517   0.01298   0.04283   8.68513   0.28038   0.72976   0.14148   0.37436  999.00000  
 61  0.0008   2567.637239  x:  0.13067   0.03789   0.04407   0.00222   0.01335   0.03783   0.01796   0.02397   0.06915   0.09075   0.00204   0.00832   0.00517   0.01298   0.04283   8.68513   0.28038   0.72971   0.14148   0.37435  999.00000  