Supplemental results for CODEML (seqf: HSD17B2_mafft.phy  treef: HSD17B2_inversion_morphs_clade_contree.tree)

I	J	ij	2Ns_IJ	pMut_IJ	pSub_IJ	2Ns_JI	pMut_JI	pSub_JI

TTC	TTT	CT	0.72122	0.05295	0.07432	-0.72122	0.10891	0.07432	0.07432	0.07432
TTA	TTT	AT	0.33644	0.00186	0.00219	-0.33644	0.00260	0.00219	0.00219	0.00219
TTA	TTC	AC	-0.38478	0.00460	0.00377	0.38478	0.00313	0.00377	0.00377	0.00377
TTG	TTT	GT	1.61183	0.00364	0.00733	-1.61183	0.01823	0.00733	0.00733	0.00733
TTG	TTC	GC	0.89061	0.00900	0.01360	-0.89061	0.02194	0.01360	0.01360	0.01360
TTG	TTA	GA	1.27540	0.01557	0.02755	-1.27540	0.05574	0.02755	0.02755	0.02755
TCT	TTT	CT	1.56852	0.02269	0.04496	-1.56852	0.10891	0.04496	0.04496	0.04496
TCC	TTC	CT	1.01584	0.04745	0.07556	-1.01584	0.13104	0.07556	0.07556	0.07556
TCC	TCT	CT	0.16854	0.04745	0.05156	-0.16854	0.05616	0.05156	0.05156	0.05156
TCA	TTA	CT	0.64044	0.02063	0.02794	-0.64044	0.03914	0.02794	0.02794	0.02794
TCA	TCT	AT	-0.59164	0.00243	0.00178	0.59164	0.00134	0.00178	0.00178	0.00178
TCA	TCC	AC	-0.76019	0.00600	0.00401	0.76019	0.00281	0.00401	0.00401	0.00401
TCG	TTG	CT	2.31491	0.00756	0.01943	-2.31491	0.07658	0.01943	0.01943	0.01943
TCG	TCT	GT	2.35822	0.00089	0.00232	-2.35822	0.00940	0.00232	0.00232	0.00232
TCG	TCC	GC	2.18968	0.00220	0.00543	-2.18968	0.01966	0.00543	0.00543	0.00543
TCG	TCA	GA	2.94987	0.00381	0.01185	-2.94987	0.07270	0.01185	0.01185	0.01185
TAT	TTT	AT	-0.13899	0.00299	0.00279	0.13899	0.00260	0.00279	0.00279	0.00279
TAT	TCT	AC	-1.70751	0.00740	0.00280	1.70751	0.00134	0.00280	0.00280	0.00280
TAC	TTC	AT	-0.83178	0.00720	0.00461	0.83178	0.00313	0.00461	0.00461	0.00461
TAC	TCC	AC	-1.84763	0.01781	0.00616	1.84763	0.00281	0.00616	0.00616	0.00616
TAC	TAT	CT	0.02842	0.06120	0.06207	-0.02842	0.06297	0.06207	0.06207	0.06207
TGT	TTT	GT	2.64591	0.00129	0.00368	-2.64591	0.01823	0.00368	0.00368	0.00368
TGT	TCT	GC	1.07739	0.00320	0.00523	-1.07739	0.00940	0.00523	0.00523	0.00523
TGT	TAT	GA	2.78489	0.00554	0.01643	-2.78489	0.08966	0.01643	0.01643	0.01643
TGC	TTC	GT	1.42903	0.00525	0.00987	-1.42903	0.02194	0.00987	0.00987	0.00987
TGC	TCC	GC	0.41319	0.01300	0.01588	-0.41319	0.01966	0.01588	0.01588	0.01588
TGC	TAC	GA	2.26081	0.02249	0.05676	-2.26081	0.21567	0.05676	0.05676	0.05676
TGC	TGT	CT	-0.49566	0.04470	0.03453	0.49566	0.02723	0.03453	0.03453	0.03453
TGG	TTG	GT	1.23763	0.00372	0.00648	-1.23763	0.01282	0.00648	0.00648	0.00648
TGG	TCG	GC	-1.07728	0.00920	0.00512	1.07728	0.00313	0.00512	0.00512	0.00512
TGG	TGT	GT	0.20356	0.00372	0.00411	-0.20356	0.00456	0.00411	0.00411	0.00411
TGG	TGC	GC	0.69921	0.00920	0.01279	-0.69921	0.01852	0.01279	0.01279	0.01279
CTT	TTT	CT	1.13320	0.03507	0.05862	-1.13320	0.10891	0.05862	0.05862	0.05862
CTC	TTC	CT	0.42163	0.08596	0.10535	-0.42163	0.13104	0.10535	0.10535	0.10535
CTC	CTT	CT	0.00965	0.08596	0.08637	-0.00965	0.08679	0.08637	0.08637	0.08637
CTA	TTA	CT	1.09720	0.01307	0.02152	-1.09720	0.03914	0.02152	0.02152	0.02152
CTA	CTT	AT	0.30043	0.00154	0.00178	-0.30043	0.00207	0.00178	0.00178	0.00178
CTA	CTC	AC	0.29078	0.00380	0.00438	-0.29078	0.00508	0.00438	0.00438	0.00438
CTG	TTG	CT	-0.90032	0.18842	0.11616	0.90032	0.07658	0.11616	0.11616	0.11616
CTG	CTT	GT	-0.42169	0.02215	0.01781	0.42169	0.01453	0.01781	0.01781	0.01781
CTG	CTC	GC	-0.43135	0.05482	0.04384	0.43135	0.03561	0.04384	0.04384	0.04384
CTG	CTA	GA	-0.72213	0.09479	0.06465	0.72213	0.04604	0.06465	0.06465	0.06465
CCT	TCT	CT	0.47082	0.03507	0.04397	-0.47082	0.05616	0.04397	0.04397	0.04397
CCT	CTT	CT	0.90614	0.03507	0.05333	-0.90614	0.08679	0.05333	0.05333	0.05333
CCC	TCC	CT	1.01312	0.04263	0.06782	-1.01312	0.11742	0.06782	0.06782	0.06782
CCC	CTC	CT	1.60732	0.04263	0.08570	-1.60732	0.21272	0.08570	0.08570	0.08570
CCC	CCT	CT	0.71083	0.04263	0.05957	-0.71083	0.08679	0.05957	0.05957	0.05957
CCA	TCA	CT	0.56967	0.02888	0.03788	-0.56967	0.05105	0.03788	0.03788	0.03788
CCA	CTA	CT	0.11291	0.02888	0.03054	-0.11291	0.03233	0.03054	0.03054	0.03054
CCA	CCT	AT	-0.49280	0.00340	0.00263	0.49280	0.00207	0.00263	0.00263	0.00263
CCA	CCC	AC	-1.20363	0.00840	0.00434	1.20363	0.00252	0.00434	0.00434	0.00434
CCG	TCG	CT	0.12598	0.01650	0.01756	-0.12598	0.01872	0.01756	0.01756	0.01756
CCG	CTG	CT	3.34122	0.01650	0.05717	-3.34122	0.46628	0.05717	0.05717	0.05717
CCG	CCT	GT	2.01338	0.00194	0.00451	-2.01338	0.01453	0.00451	0.00451	0.00451
CCG	CCC	GC	1.30255	0.00480	0.00859	-1.30255	0.01766	0.00859	0.00859	0.00859
CCG	CCA	GA	2.50618	0.00830	0.02266	-2.50618	0.10178	0.02266	0.02266	0.02266
CAT	TAT	CT	1.57262	0.01307	0.02593	-1.57262	0.06297	0.02593	0.02593	0.02593
CAT	CTT	AT	0.30043	0.00154	0.00178	-0.30043	0.00207	0.00178	0.00178	0.00178
CAT	CCT	AC	-0.60571	0.00380	0.00277	0.60571	0.00207	0.00277	0.00277	0.00277
CAC	TAC	CT	2.21673	0.01650	0.04106	-2.21673	0.15146	0.04106	0.04106	0.04106
CAC	CTC	AT	0.96331	0.00194	0.00302	-0.96331	0.00508	0.00302	0.00302	0.00302
CAC	CCC	AC	-0.64402	0.00480	0.00342	0.64402	0.00252	0.00342	0.00342	0.00342
CAC	CAT	CT	0.67253	0.01650	0.02267	-0.67253	0.03233	0.02267	0.02267	0.02267
CAA	CTA	AT	-1.85339	0.00493	0.00170	1.85339	0.00077	0.00170	0.00170	0.00170
CAA	CCA	AC	-1.96630	0.01220	0.00391	1.96630	0.00171	0.00391	0.00391	0.00391
CAA	CAT	AT	-1.85339	0.00493	0.00170	1.85339	0.00077	0.00170	0.00170	0.00170
CAA	CAC	AC	-2.52592	0.01220	0.00268	2.52592	0.00098	0.00268	0.00268	0.00268
CAG	CTG	AT	1.70730	0.00202	0.00422	-1.70730	0.01114	0.00422	0.00422	0.00422
CAG	CCG	AC	-1.63392	0.00500	0.00198	1.63392	0.00098	0.00198	0.00198	0.00198
CAG	CAT	GT	0.98517	0.00202	0.00318	-0.98517	0.00541	0.00318	0.00318	0.00318
CAG	CAC	GC	0.31265	0.00500	0.00582	-0.31265	0.00684	0.00582	0.00582	0.00582
CAG	CAA	GA	2.83856	0.00865	0.02608	-2.83856	0.14782	0.02608	0.02608	0.02608
CGT	TGT	CT	9.33087	0.00000	0.00000	-9.33087	0.02723	0.00002	0.00000	0.00002
CGT	CTT	GT	10.84358	0.00000	0.00000	-10.84358	0.01453	0.00000	0.00000	0.00000
CGT	CCT	GC	9.93743	0.00000	0.00000	-9.93743	0.01453	0.00001	0.00000	0.00001
CGT	CAT	GA	10.54314	0.00000	0.00000	-10.54314	0.04604	0.00001	0.00000	0.00001
CGC	TGC	CT	5.08053	0.00069	0.00352	-5.08053	0.11061	0.00352	0.00352	0.00352
CGC	CTC	GT	6.08792	0.00008	0.00049	-6.08792	0.03561	0.00049	0.00049	0.00049
CGC	CCC	GC	4.48060	0.00020	0.00091	-4.48060	0.01766	0.00091	0.00091	0.00091
CGC	CAC	GA	5.12462	0.00035	0.00178	-5.12462	0.05816	0.00178	0.00178	0.00178
CGC	CGT	CT	-4.74600	0.00069	0.00003	4.74600	0.00000	0.00000	0.00003	0.00000
CGA	CTA	GT	1.90147	0.00081	0.00181	-1.90147	0.00541	0.00181	0.00181	0.00181
CGA	CCA	GC	1.78855	0.00200	0.00430	-1.78855	0.01197	0.00430	0.00430	0.00430
CGA	CAA	GA	3.75485	0.00346	0.01330	-3.75485	0.14782	0.01330	0.01330	0.01330
CGA	CGT	AT	-8.64168	0.00081	0.00000	8.64168	0.00000	0.00000	0.00000	0.00000
CGA	CGC	AC	-3.89568	0.00200	0.00016	3.89568	0.00004	0.00016	0.00016	0.00016
CGG	TGG	CT	1.36749	0.01994	0.03659	-1.36749	0.07828	0.03659	0.03659	0.03659
CGG	CTG	GT	3.50544	0.00234	0.00847	-3.50544	0.07806	0.00847	0.00847	0.00847
CGG	CCG	GC	0.16423	0.00580	0.00629	-0.16423	0.00684	0.00629	0.00629	0.00629
CGG	CAG	GA	1.79814	0.01003	0.02162	-1.79814	0.06058	0.02162	0.02162	0.02162
CGG	CGT	GT	-7.75982	0.00234	0.00001	7.75982	0.00000	0.00000	0.00001	0.00000
CGG	CGC	GC	-3.01383	0.00580	0.00090	3.01383	0.00028	0.00090	0.00090	0.00090
CGG	CGA	GA	0.88185	0.01003	0.01510	-0.88185	0.02423	0.01510	0.01510	0.01510
ATT	TTT	AT	-0.26574	0.00340	0.00296	0.26574	0.00260	0.00296	0.00296	0.00296
ATT	CTT	AC	-1.39894	0.00840	0.00385	1.39894	0.00207	0.00385	0.00385	0.00385
ATC	TTC	AT	0.07333	0.00291	0.00302	-0.07333	0.00313	0.00302	0.00302	0.00302
ATC	CTC	AC	-0.34830	0.00720	0.00602	0.34830	0.00508	0.00602	0.00602	0.00602
ATC	ATT	CT	1.06029	0.02476	0.04016	-1.06029	0.07147	0.04016	0.04016	0.04016
ATA	TTA	AT	-0.49590	0.00154	0.00119	0.49590	0.00094	0.00119	0.00119	0.00119
ATA	CTA	AC	-1.59310	0.00380	0.00155	1.59310	0.00077	0.00155	0.00155	0.00155
ATA	ATT	AT	0.10628	0.00154	0.00162	-0.10628	0.00171	0.00162	0.00162	0.00162
ATA	ATC	AC	-0.95402	0.00380	0.00227	0.95402	0.00146	0.00227	0.00227	0.00227
ATG	TTG	AT	-1.56242	0.00873	0.00362	1.56242	0.00183	0.00362	0.00362	0.00362
ATG	CTG	AC	-0.66210	0.02161	0.01524	0.66210	0.01114	0.01524	0.01524	0.01524
ATG	ATT	GT	0.31515	0.00873	0.01018	-0.31515	0.01197	0.01018	0.01018	0.01018
ATG	ATC	GC	-0.74514	0.02161	0.01455	0.74514	0.01026	0.01455	0.01455	0.01455
ATG	ATA	GA	0.20887	0.03736	0.04140	-0.20887	0.04604	0.04140	0.04140	0.04140
ACT	TCT	AT	-0.23497	0.00170	0.00151	0.23497	0.00134	0.00151	0.00151	0.00151
ACT	CCT	AC	-0.70579	0.00420	0.00289	0.70579	0.00207	0.00289	0.00289	0.00289
ACT	ATT	CT	1.59929	0.01444	0.02894	-1.59929	0.07147	0.02894	0.02894	0.02894
ACC	TCC	AT	-0.68695	0.00558	0.00388	0.68695	0.00281	0.00388	0.00388	0.00388
ACC	CCC	AC	-1.70007	0.01380	0.00525	1.70007	0.00252	0.00525	0.00525	0.00525
ACC	ATC	CT	0.25556	0.04745	0.05377	-0.25556	0.06126	0.05377	0.05377	0.05377
ACC	ACT	CT	-0.28344	0.04745	0.04104	0.28344	0.03574	0.04104	0.04104	0.04104
ACA	TCA	AT	-1.31111	0.00453	0.00219	1.31111	0.00122	0.00219	0.00219	0.00219
ACA	CCA	AC	-1.88078	0.01120	0.00379	1.88078	0.00171	0.00379	0.00379	0.00379
ACA	ATA	CT	-0.17477	0.03851	0.03524	0.17477	0.03233	0.03524	0.03524	0.03524
ACA	ACT	AT	-1.66778	0.00453	0.00176	1.66778	0.00085	0.00176	0.00176	0.00176
ACA	ACC	AC	-1.38434	0.01120	0.00518	1.38434	0.00281	0.00518	0.00518	0.00518
ACG	TCG	AT	-0.85401	0.00105	0.00067	0.85401	0.00045	0.00067	0.00067	0.00067
ACG	CCG	AC	-0.97999	0.00260	0.00153	0.97999	0.00098	0.00153	0.00153	0.00153
ACG	ATG	CT	3.02332	0.00894	0.02841	-3.02332	0.18379	0.02841	0.02841	0.02841
ACG	ACT	GT	1.73918	0.00105	0.00222	-1.73918	0.00598	0.00222	0.00222	0.00222
ACG	ACC	GC	2.02263	0.00260	0.00606	-2.02263	0.01966	0.00606	0.00606	0.00606
ACG	ACA	GA	3.40697	0.00450	0.01585	-3.40697	0.13571	0.01585	0.01585	0.01585
AAT	TAT	AT	-0.88270	0.00364	0.00227	0.88270	0.00150	0.00227	0.00227	0.00227
AAT	CAT	AC	-2.45532	0.00900	0.00208	2.45532	0.00077	0.00208	0.00208	0.00208
AAT	ATT	AT	-0.75595	0.00364	0.00243	0.75595	0.00171	0.00243	0.00243	0.00243
AAT	ACT	AC	-2.35524	0.00900	0.00222	2.35524	0.00085	0.00222	0.00222	0.00222
AAC	TAC	AT	-0.13014	0.00412	0.00386	0.13014	0.00362	0.00386	0.00386	0.00386
AAC	CAC	AC	-2.34687	0.01020	0.00253	2.34687	0.00098	0.00253	0.00253	0.00253
AAC	ATC	AT	-1.03526	0.00412	0.00235	1.03526	0.00146	0.00235	0.00235	0.00235
AAC	ACC	AC	-1.29081	0.01020	0.00500	1.29081	0.00281	0.00500	0.00500	0.00500
AAC	AAT	CT	0.78098	0.03507	0.05053	-0.78098	0.07658	0.05053	0.05053	0.05053
AAA	CAA	AC	-1.88894	0.01641	0.00552	1.88894	0.00248	0.00552	0.00552	0.00552
AAA	ATA	AT	-2.14923	0.00663	0.00188	2.14923	0.00077	0.00188	0.00188	0.00188
AAA	ACA	AC	-1.97446	0.01641	0.00522	1.97446	0.00228	0.00522	0.00522	0.00522
AAA	AAT	AT	-1.28701	0.00663	0.00325	1.28701	0.00183	0.00325	0.00325	0.00325
AAA	AAC	AC	-2.06799	0.01641	0.00491	2.06799	0.00207	0.00491	0.00491	0.00491
AAG	CAG	AC	-3.19450	0.02481	0.00339	3.19450	0.00102	0.00339	0.00339	0.00339
AAG	ATG	AT	-0.82510	0.01002	0.00645	0.82510	0.00439	0.00645	0.00645	0.00645
AAG	ACG	AC	-3.84843	0.02481	0.00208	3.84843	0.00053	0.00208	0.00208	0.00208
AAG	AAT	GT	0.24599	0.01002	0.01131	-0.24599	0.01282	0.01131	0.01131	0.01131
AAG	AAC	GC	-0.53499	0.02481	0.01876	0.53499	0.01453	0.01876	0.01876	0.01876
AAG	AAA	GA	1.53300	0.04290	0.08387	-1.53300	0.19871	0.08387	0.08387	0.08387
AGT	TGT	AT	-0.74758	0.00137	0.00092	0.74758	0.00065	0.00092	0.00092	0.00092
AGT	CGT	AC	-10.07845	0.00340	0.00000	10.07845	0.00000	0.00000	0.00000	0.00000
AGT	ATT	GT	2.16407	0.00137	0.00336	-2.16407	0.01197	0.00336	0.00336	0.00336
AGT	ACT	GC	0.56478	0.00340	0.00445	-0.56478	0.00598	0.00445	0.00445	0.00445
AGT	AAT	GA	2.92001	0.00588	0.01815	-2.92001	0.10905	0.01815	0.01815	0.01815
AGC	TGC	AT	-0.97847	0.00703	0.00414	0.97847	0.00264	0.00414	0.00414	0.00414
AGC	CGC	AC	-6.05900	0.01741	0.00025	6.05900	0.00004	0.00025	0.00025	0.00025
AGC	ATC	GT	0.37722	0.00703	0.00844	-0.37722	0.01026	0.00844	0.00844	0.00844
AGC	ACC	GC	0.12167	0.01741	0.01849	-0.12167	0.01966	0.01849	0.01849	0.01849
AGC	AAC	GA	1.41248	0.03010	0.05620	-1.41248	0.12359	0.05620	0.05620	0.05620
AGC	AGT	CT	-0.72655	0.05983	0.04070	0.72655	0.02893	0.04070	0.04070	0.04070
AGA	CGA	AC	-2.75625	0.00640	0.00120	2.75625	0.00041	0.00120	0.00120	0.00120
AGA	ATA	GT	0.73831	0.00259	0.00366	-0.73831	0.00541	0.00366	0.00366	0.00366
AGA	ACA	GC	0.91308	0.00640	0.00976	-0.91308	0.01595	0.00976	0.00976	0.00976
AGA	AAA	GA	2.88755	0.01107	0.03385	-2.88755	0.19871	0.03385	0.03385	0.03385
AGA	AGT	AT	-1.31948	0.00259	0.00125	1.31948	0.00069	0.00125	0.00125	0.00125
AGA	AGC	AC	-0.59292	0.00640	0.00469	0.59292	0.00354	0.00469	0.00469	0.00469
AGG	TGG	AT	-1.06300	0.00542	0.00304	1.06300	0.00187	0.00304	0.00304	0.00304
AGG	CGG	AC	-2.43049	0.01340	0.00314	2.43049	0.00118	0.00314	0.00314	0.00314
AGG	ATG	GT	1.73705	0.00542	0.01142	-1.73705	0.03077	0.01142	0.01142	0.01142
AGG	ACG	GC	-1.28628	0.01340	0.00658	1.28628	0.00370	0.00658	0.00658	0.00658
AGG	AAG	GA	2.56215	0.02318	0.06435	-2.56215	0.30049	0.06435	0.06435	0.06435
AGG	AGT	GT	-0.11187	0.00542	0.00512	0.11187	0.00484	0.00512	0.00512	0.00512
AGG	AGC	GC	0.61468	0.01340	0.01794	-0.61468	0.02479	0.01794	0.01794	0.01794
AGG	AGA	GA	1.20761	0.02318	0.03993	-1.20761	0.07755	0.03993	0.03993	0.03993
GTT	TTT	GT	1.72961	0.00323	0.00680	-1.72961	0.01823	0.00680	0.00680	0.00680
GTT	CTT	GC	0.59641	0.00800	0.01063	-0.59641	0.01453	0.01063	0.01063	0.01063
GTT	ATT	GA	1.99535	0.01384	0.03196	-1.99535	0.10178	0.03196	0.03196	0.03196
GTC	TTC	GT	1.34074	0.00574	0.01042	-1.34074	0.02194	0.01042	0.01042	0.01042
GTC	CTC	GC	0.91910	0.01421	0.02172	-0.91910	0.03561	0.02172	0.02172	0.02172
GTC	ATC	GA	1.26740	0.02456	0.04333	-1.26740	0.08724	0.04333	0.04333	0.04333
GTC	GTT	CT	0.33234	0.04882	0.05738	-0.33234	0.06807	0.05738	0.05738	0.05738
GTA	TTA	GT	1.35058	0.00170	0.00309	-1.35058	0.00655	0.00309	0.00309	0.00309
GTA	CTA	GC	0.25338	0.00420	0.00476	-0.25338	0.00541	0.00476	0.00476	0.00476
GTA	ATA	GA	1.84648	0.00727	0.01593	-1.84648	0.04604	0.01593	0.01593	0.01593
GTA	GTT	AT	-0.04260	0.00170	0.00166	0.04260	0.00163	0.00166	0.00166	0.00166
GTA	GTC	AC	-0.37494	0.00420	0.00346	0.37494	0.00289	0.00346	0.00346	0.00346
GTG	TTG	GT	0.16843	0.01083	0.01177	-0.16843	0.01282	0.01177	0.01177	0.01177
GTG	CTG	GC	1.06876	0.02681	0.04364	-1.06876	0.07806	0.04364	0.04364	0.04364
GTG	ATG	GA	1.73086	0.04636	0.09751	-1.73086	0.26172	0.09751	0.09751	0.09751
GTG	GTT	GT	0.05065	0.01083	0.01111	-0.05065	0.01140	0.01111	0.01111	0.01111
GTG	GTC	GC	-0.28169	0.02681	0.02321	0.28169	0.02023	0.02321	0.02321	0.02321
GTG	GTA	GA	0.09325	0.04636	0.04855	-0.09325	0.05089	0.04855	0.04855	0.04855
GCT	TCT	GT	-0.06416	0.01002	0.00971	0.06416	0.00940	0.00971	0.00971	0.00971
GCT	CCT	GC	-0.53499	0.02481	0.01876	0.53499	0.01453	0.01876	0.01876	0.01876
GCT	ACT	GA	0.17080	0.04290	0.04667	-0.17080	0.05089	0.04667	0.04667	0.04667
GCT	GTT	CT	-0.22526	0.08527	0.07602	0.22526	0.06807	0.07602	0.07602	0.07602
GCC	TCC	GT	0.93984	0.00768	0.01185	-0.93984	0.01966	0.01185	0.01185	0.01185
GCC	CCC	GC	-0.07327	0.01901	0.01832	0.07327	0.01766	0.01832	0.01832	0.01832
GCC	ACC	GA	1.62679	0.03287	0.06655	-1.62679	0.16721	0.06655	0.06655	0.06655
GCC	GTC	CT	0.61495	0.06533	0.08746	-0.61495	0.12083	0.08746	0.08746	0.08746
GCC	GCT	CT	1.17255	0.06533	0.11094	-1.17255	0.21102	0.11094	0.11094	0.11094
GCA	TCA	GT	0.33008	0.00614	0.00721	-0.33008	0.00855	0.00721	0.00721	0.00721
GCA	CCA	GC	-0.23960	0.01521	0.01346	0.23960	0.01197	0.01346	0.01346	0.01346
GCA	ACA	GA	1.64118	0.02629	0.05352	-1.64118	0.13571	0.05352	0.05352	0.05352
GCA	GTA	CT	-0.38007	0.05226	0.04296	0.38007	0.03574	0.04296	0.04296	0.04296
GCA	GCT	AT	-0.19740	0.00614	0.00556	0.19740	0.00504	0.00556	0.00556	0.00556
GCA	GCC	AC	-1.36995	0.01521	0.00710	1.36995	0.00386	0.00710	0.00710	0.00710
GCG	TCG	GT	0.13115	0.00275	0.00293	-0.13115	0.00313	0.00293	0.00293	0.00293
GCG	CCG	GC	0.00516	0.00680	0.00682	-0.00516	0.00684	0.00682	0.00682	0.00682
GCG	ACG	GA	0.98515	0.01176	0.01849	-0.98515	0.03150	0.01849	0.01849	0.01849
GCG	GTG	CT	2.27762	0.02338	0.05933	-2.27762	0.22804	0.05933	0.05933	0.05933
GCG	GCT	GT	2.55353	0.00275	0.00761	-2.55353	0.03533	0.00761	0.00761	0.00761
GCG	GCC	GC	1.38098	0.00680	0.01255	-1.38098	0.02707	0.01255	0.01255	0.01255
GCG	GCA	GA	2.75094	0.01176	0.03457	-2.75094	0.18417	0.03457	0.03457	0.03457
GAT	TAT	GT	1.18165	0.00323	0.00551	-1.18165	0.01054	0.00551	0.00551	0.00551
GAT	CAT	GC	-0.39097	0.00800	0.00654	0.39097	0.00541	0.00654	0.00654	0.00654
GAT	AAT	GA	2.06435	0.01384	0.03272	-2.06435	0.10905	0.03272	0.03272	0.03272
GAT	GTT	AT	-0.68695	0.00323	0.00225	0.68695	0.00163	0.00225	0.00225	0.00225
GAT	GCT	AC	-0.46169	0.00800	0.00630	0.46169	0.00504	0.00630	0.00630	0.00630
GAC	TAC	GT	1.24844	0.00728	0.01274	-1.24844	0.02536	0.01274	0.01274	0.01274
GAC	CAC	GC	-0.96829	0.01801	0.01067	0.96829	0.00684	0.01067	0.01067	0.01067
GAC	AAC	GA	1.37858	0.03114	0.05738	-1.37858	0.12359	0.05738	0.05738	0.05738
GAC	GTC	AT	-0.92408	0.00728	0.00442	0.92408	0.00289	0.00442	0.00442	0.00442
GAC	GCC	AC	-1.53903	0.01801	0.00757	1.53903	0.00386	0.00757	0.00757	0.00757
GAC	GAT	CT	0.09521	0.06189	0.06488	-0.09521	0.06807	0.06488	0.06488	0.06488
GAA	CAA	GC	0.61419	0.00940	0.01258	-0.61419	0.01738	0.01258	0.01258	0.01258
GAA	AAA	GA	2.50314	0.01626	0.04433	-2.50314	0.19871	0.04433	0.04433	0.04433
GAA	GTA	AT	-1.49258	0.00380	0.00164	1.49258	0.00085	0.00164	0.00164	0.00164
GAA	GCA	AC	-1.11251	0.00940	0.00512	1.11251	0.00309	0.00512	0.00512	0.00512
GAA	GAT	AT	-0.84822	0.00380	0.00241	0.84822	0.00163	0.00241	0.00241	0.00241
GAA	GAC	AC	-0.94343	0.00940	0.00565	0.94343	0.00366	0.00565	0.00565	0.00565
GAG	CAG	GC	-1.00237	0.01941	0.01128	1.00237	0.00712	0.01128	0.01128	0.01128
GAG	AAG	GA	2.19213	0.03356	0.08281	-2.19213	0.30049	0.08281	0.08281	0.08281
GAG	GTG	AT	-0.36382	0.00784	0.00650	0.36382	0.00545	0.00650	0.00650	0.00650
GAG	GCG	AC	-2.64145	0.01941	0.00393	2.64145	0.00138	0.00393	0.00393	0.00393
GAG	GAT	GT	0.37378	0.00784	0.00940	-0.37378	0.01140	0.00940	0.00940	0.00940
GAG	GAC	GC	0.27857	0.01941	0.02224	-0.27857	0.02564	0.02224	0.02224	0.02224
GAG	GAA	GA	1.22200	0.03356	0.05814	-1.22200	0.11390	0.05814	0.05814	0.05814
GGT	TGT	GT	-0.04534	0.00477	0.00466	0.04534	0.00456	0.00466	0.00466	0.00466
GGT	CGT	GC	-9.37621	0.01180	0.00001	9.37621	0.00000	0.00000	0.00001	0.00000
GGT	AGT	GA	0.70224	0.02041	0.02841	-0.70224	0.04120	0.02841	0.02841	0.02841
GGT	GTT	GT	0.87095	0.00477	0.00714	-0.87095	0.01140	0.00714	0.00714	0.00714
GGT	GCT	GC	1.09621	0.01180	0.01943	-1.09621	0.03533	0.01943	0.01943	0.01943
GGT	GAT	GA	1.55791	0.02041	0.04028	-1.55791	0.09693	0.04028	0.04028	0.04028
GGC	TGC	GT	0.86965	0.00776	0.01162	-0.86965	0.01852	0.01162	0.01162	0.01162
GGC	CGC	GC	-4.21088	0.01921	0.00122	4.21088	0.00028	0.00122	0.00122	0.00122
GGC	AGC	GA	1.84812	0.03321	0.07286	-1.84812	0.21083	0.07286	0.07286	0.07286
GGC	GTC	GT	0.95794	0.00776	0.01206	-0.95794	0.02023	0.01206	0.01206	0.01206
GGC	GCC	GC	0.34300	0.01921	0.02269	-0.34300	0.02707	0.02269	0.02269	0.02269
GGC	GAC	GA	1.88203	0.03321	0.07373	-1.88203	0.21810	0.07373	0.07373	0.07373
GGC	GGT	CT	0.41933	0.06601	0.08082	-0.41933	0.10040	0.08082	0.08082	0.08082
GGA	CGA	GC	-1.78660	0.01701	0.00611	1.78660	0.00285	0.00611	0.00611	0.00611
GGA	AGA	GA	0.96965	0.02941	0.04593	-0.96965	0.07755	0.04593	0.04593	0.04593
GGA	GTA	GT	-0.13852	0.00687	0.00641	0.13852	0.00598	0.00641	0.00641	0.00641
GGA	GCA	GC	0.24155	0.01701	0.01914	-0.24155	0.02165	0.01914	0.01914	0.01914
GGA	GAA	GA	1.35406	0.02941	0.05368	-1.35406	0.11390	0.05368	0.05368	0.05368
GGA	GGT	AT	-1.05207	0.00687	0.00388	1.05207	0.00240	0.00388	0.00388	0.00388
GGA	GGC	AC	-1.47140	0.01701	0.00746	1.47140	0.00390	0.00746	0.00746	0.00746
GGG	TGG	GT	0.38777	0.00889	0.01073	-0.38777	0.01311	0.01073	0.01073	0.01073
GGG	CGG	GC	-0.97972	0.02201	0.01296	0.97972	0.00826	0.01296	0.01296	0.01296
GGG	AGG	GA	1.45078	0.03806	0.07211	-1.45078	0.16236	0.07211	0.07211	0.07211
GGG	GTG	GT	1.45697	0.00889	0.01689	-1.45697	0.03818	0.01689	0.01689	0.01689
GGG	GCG	GC	-0.82065	0.02201	0.01420	0.82065	0.00969	0.01420	0.01420	0.01420
GGG	GAG	GA	1.82079	0.03806	0.08268	-1.82079	0.23506	0.08268	0.08268	0.08268
GGG	GGT	GT	0.63667	0.00889	0.01202	-0.63667	0.01681	0.01202	0.01202	0.01202
GGG	GGC	GC	0.21734	0.02201	0.02449	-0.21734	0.02735	0.02449	0.02449	0.02449
GGG	GGA	GA	1.68873	0.03806	0.07883	-1.68873	0.20598	0.07883	0.07883	0.07883


Histograms
2Ns	FMut	FSub(CodonUsage)	FSubw(after w)

-10.32722	0.00503	0.00000	0.00000
-9.29449	0.00250	0.00000	0.00000
-8.26177	0.00020	0.00000	0.00000
-7.22905	0.00000	0.00000	0.00000
-6.19633	0.00339	0.00007	0.00007
-5.16361	0.01085	0.00050	0.00050
-4.13089	0.01354	0.00165	0.00165
-3.09816	0.11143	0.02462	0.02462
-2.06544	0.27601	0.12894	0.12894
-1.03272	0.25105	0.20743	0.20743
0.00000	0.19038	0.27359	0.27359
1.03272	0.09032	0.20743	0.20743
2.06544	0.03961	0.12894	0.12894
3.09816	0.00534	0.02462	0.02462
4.13089	0.00029	0.00165	0.00165
5.16361	0.00007	0.00049	0.00049
6.19633	0.00001	0.00007	0.00007
7.22905	0.00000	0.00000	0.00000
8.26177	0.00000	0.00000	0.00000
9.29449	0.00000	0.00000	0.00000
10.32722	0.00000	0.00000	0.00000

Proportion of advantageous (S > 0) mutations:
 0.21900

Proportions of good & bad mutations (|S| > 2.0000) among mutations:
0.01751  0.26662

mean |Ns| = 1.59379	mean Ns+ = 0.91862	mean Ns- = -1.78312

