

TREE # 1

  0  0.0000   2818.855956  x:  0.03700   0.05604   0.08644   0.06469   0.02140   0.02094   0.01597   0.02628   0.02377   0.01449   0.08385   0.01219   0.03216   0.03844   0.06044   0.93671   1.09748   1.09325   0.95894   0.96691  
  1 99.0000   2733.644182  x:  0.11832   0.04992   0.06969   0.02897   0.00539   0.04122   0.02056   0.02236   0.08501   0.16296   0.05000   0.00000   0.00628   0.00905   0.05509   0.94633   1.09777   1.09413   0.95793   0.96117  
  2 1989.5134   2729.365497  x:  0.12356   0.04919   0.06805   0.02527   0.00636   0.04230   0.02065   0.02218   0.08854   0.17177   0.04657   0.00911   0.00452   0.00778   0.05437   0.94735   1.09781   1.09423   0.95782   0.96056  
  3 3313.3305   2714.191425  x:  0.13271   0.04345   0.05768   0.00000   0.02726   0.04100   0.01804   0.02304   0.08944   0.17737   0.02060   0.00904   0.00712   0.01892   0.04823   0.95452   1.09803   1.09487   0.95705   0.95620  
  4 791.8790   2710.805571  x:  0.13768   0.04017   0.05180   0.00246   0.03723   0.04018   0.01669   0.02351   0.08965   0.17992   0.00524   0.00906   0.00784   0.02395   0.04472   0.95879   1.09817   1.09526   0.95659   0.95360  
  5 1261.5528   2709.683130  x:  0.13836   0.03945   0.05039   0.00231   0.03671   0.03985   0.01673   0.02356   0.08911   0.17927   0.00139   0.00909   0.00683   0.02320   0.04391   0.96018   1.09821   1.09539   0.95644   0.95275  
  6 622.8847   2707.057964  x:  0.14588   0.03293   0.03761   0.00222   0.03717   0.03727   0.01637   0.02406   0.08536   0.17587   0.00235   0.00872   0.00270   0.02030   0.03662   0.97280   1.09861   1.09654   0.95508   0.94497  
  7 266.9452   2705.791311  x:  0.15135   0.02916   0.02992   0.00215   0.03584   0.03597   0.01648   0.02423   0.08300   0.17379   0.00241   0.00884   0.00620   0.01750   0.03234   0.98216   1.09891   1.09739   0.95407   0.93917  
  8 1051.6823   2686.845893  x:  0.27421   0.03654   0.04173   0.00194   0.02133   0.05176   0.02204   0.01853   0.04769   0.12594   0.00243   0.01003   0.00685   0.03288   0.03238   1.23321   1.10685   1.12061   0.92658   0.78166  
  9 264.9350   2677.689442  x:  0.30460   0.03712   0.04510   0.00177   0.02566   0.04190   0.00813   0.03383   0.05975   0.10634   0.00251   0.00949   0.00719   0.02196   0.04765   1.34905   1.11060   1.13164   0.91340   0.70552  
 10 878.1525   2671.885596  x:  0.31814   0.03588   0.04748   0.00182   0.03349   0.03076   0.02342   0.03975   0.07505   0.09342   0.00266   0.00881   0.00712   0.01261   0.05789   1.44697   1.11383   1.14112   0.90200   0.63928  
 11 1758.9462   2652.643494  x:  0.29679   0.02627   0.04700   0.00173   0.02788   0.02340   0.02007   0.01005   0.11136   0.08934   0.00250   0.00944   0.00710   0.02051   0.05582   1.67336   1.12151   1.16375   0.87440   0.47722  
 12 949.3810   2631.337764  x:  0.24873   0.01958   0.04579   0.00163   0.01702   0.04316   0.02375   0.02406   0.14294   0.09836   0.00225   0.01065   0.00703   0.03620   0.03541   1.97970   1.13199   1.19462   0.83648   0.25411  
 13 3045.9332   2625.668892  x:  0.22862   0.03765   0.04216   0.00167   0.02753   0.04520   0.02132   0.01932   0.13014   0.11196   0.00230   0.00969   0.00675   0.02290   0.03238   2.07139   1.13510   1.20378   0.82479   0.19396  
 14 787.3639   2622.330034  x:  0.21260   0.02486   0.04652   0.00164   0.02909   0.03546   0.02099   0.02043   0.10751   0.13087   0.00231   0.00959   0.00694   0.02107   0.04429   2.13656   1.13721   1.21000   0.81623   0.17683  
 15 284.1132   2616.026242  x:  0.18102   0.03753   0.04317   0.00166   0.02509   0.01857   0.02137   0.02556   0.09820   0.15358   0.00221   0.01003   0.00698   0.02755   0.04046   2.30058   1.14217   1.22484   0.79454   0.21542  
 16 203.1399   2607.404603  x:  0.13034   0.03546   0.03937   0.00171   0.03509   0.03716   0.02058   0.02225   0.08939   0.17794   0.00218   0.00906   0.00657   0.01580   0.04447   2.55637   1.14978   1.24787   0.76042   0.28485  
 17 1366.4768   2607.345025  x:  0.13020   0.03464   0.04160   0.00170   0.03574   0.03658   0.02023   0.02220   0.08935   0.17809   0.00220   0.00899   0.00663   0.01466   0.04209   2.55800   1.14976   1.24810   0.75965   0.28538  
 18 34.1357   2605.578161  x:  0.13214   0.03529   0.04120   0.00170   0.03268   0.03680   0.01992   0.02199   0.08793   0.17526   0.00215   0.00899   0.00654   0.01344   0.04277   2.55875   1.11388   1.28874   0.47894   0.28818  
 19  4.9495   2599.684561  x:  0.12798   0.03926   0.03874   0.00185   0.01470   0.03719   0.01859   0.02146   0.08405   0.16526   0.00195   0.00955   0.00599   0.00869   0.04410   2.69857   0.54754   1.10120   0.35174   0.28357  
 20  3.8550   2598.018440  x:  0.12749   0.04034   0.03846   0.00188   0.00824   0.03744   0.01816   0.02152   0.08334   0.16027   0.00189   0.00967   0.00578   0.00806   0.04385   2.76700   0.72844   0.93702   0.36692   0.28209  
 21  3.9493   2586.551883  x:  0.15399   0.03528   0.04869   0.00167   0.01043   0.04120   0.01665   0.02854   0.07657   0.11235   0.00165   0.00826   0.00382   0.02343   0.03036   3.62659   0.64732   0.70353   0.39913   0.32679  
 22  0.8077   2584.057112  x:  0.16199   0.03524   0.04896   0.00164   0.01137   0.04215   0.01594   0.02935   0.06814   0.09662   0.00176   0.00768   0.00344   0.02219   0.03366   3.85279   0.83389   1.50882   0.63731   0.35056  
 23  3.7270   2578.969166  x:  0.13712   0.03744   0.04381   0.00179   0.02034   0.04209   0.01621   0.02813   0.05987   0.08451   0.00284   0.00606   0.00424   0.01309   0.04728   4.46808   0.85223   1.01743   0.39354   0.37329  
 24  0.9557   2577.226251  x:  0.11210   0.03765   0.04392   0.00189   0.01631   0.04111   0.01706   0.02713   0.06946   0.08351   0.00303   0.00633   0.00501   0.01528   0.04518   4.76552   0.62470   1.00554   0.29000   0.37448  
 25  0.7443   2576.561962  x:  0.11022   0.03837   0.04357   0.00194   0.01418   0.04021   0.01723   0.02624   0.06944   0.08125   0.00291   0.00653   0.00530   0.01430   0.04576   4.90122   0.53057   1.06355   0.34791   0.37420  
 26  0.6040   2575.658504  x:  0.12261   0.03923   0.04406   0.00196   0.01213   0.03794   0.01740   0.02458   0.06596   0.07698   0.00220   0.00700   0.00556   0.01225   0.04522   5.13721   0.38930   0.91140   0.24095   0.37160  
 27  0.4124   2574.766386  x:  0.12965   0.04043   0.04452   0.00195   0.01346   0.03505   0.01773   0.02264   0.06367   0.08232   0.00146   0.00765   0.00571   0.01006   0.04216   5.41412   0.51239   0.82881   0.25581   0.36579  
 28  0.4134   2573.648994  x:  0.13130   0.03991   0.04570   0.00211   0.01233   0.03307   0.01911   0.02158   0.06340   0.09313   0.00299   0.00894   0.00592   0.01530   0.04078   6.03507   0.47548   0.79951   0.23453   0.36108  
 29  0.4404   2572.608628  x:  0.12701   0.03775   0.04274   0.00223   0.01418   0.03542   0.01947   0.02217   0.07730   0.08786   0.00278   0.00939   0.00504   0.01389   0.04191   6.97374   0.36570   0.74895   0.19741   0.36731  
 30  0.5942   2572.269583  x:  0.12557   0.03753   0.04270   0.00227   0.01398   0.03621   0.01910   0.02299   0.07305   0.08900   0.00239   0.00950   0.00487   0.01333   0.04280   7.36756   0.30618   0.71320   0.14679   0.37121  
 31  0.5981   2572.028753  x:  0.12608   0.03764   0.04331   0.00229   0.01362   0.03708   0.01849   0.02396   0.06740   0.09033   0.00202   0.00956   0.00487   0.01286   0.04338   7.72908   0.30031   0.75848   0.16550   0.37445  
 32  0.7398   2571.925815  x:  0.13007   0.03782   0.04409   0.00231   0.01346   0.03776   0.01807   0.02435   0.06722   0.08887   0.00214   0.00954   0.00504   0.01283   0.04322   7.98064   0.32729   0.75875   0.16711   0.37513  
 33  0.3894   2571.862560  x:  0.13157   0.03807   0.04441   0.00233   0.01337   0.03802   0.01774   0.02413   0.06934   0.09001   0.00223   0.00949   0.00522   0.01265   0.04255   8.36914   0.28508   0.72543   0.14601   0.37344  
 34  0.2766   2571.830524  x:  0.12974   0.03782   0.04371   0.00230   0.01345   0.03801   0.01784   0.02391   0.06913   0.09097   0.00214   0.00892   0.00510   0.01312   0.04317   8.56598   0.28407   0.69184   0.14120   0.37188  
 35  0.0854   2571.814761  x:  0.12992   0.03791   0.04406   0.00226   0.01341   0.03779   0.01793   0.02391   0.06901   0.08998   0.00233   0.00827   0.00517   0.01291   0.04276   8.59167   0.27944   0.68737   0.13993   0.37146  
 36  0.0133   2571.810804  x:  0.13061   0.03790   0.04412   0.00223   0.01332   0.03776   0.01800   0.02396   0.06907   0.09019   0.00223   0.00810   0.00518   0.01296   0.04279   8.52616   0.28231   0.69814   0.14130   0.37160  
 37  0.0456   2571.810287  x:  0.13059   0.03791   0.04406   0.00223   0.01335   0.03778   0.01798   0.02396   0.06911   0.09047   0.00225   0.00808   0.00517   0.01291   0.04287   8.50007   0.28426   0.70251   0.14311   0.37183  
 38  0.0244   2571.810243  x:  0.13056   0.03790   0.04404   0.00223   0.01335   0.03782   0.01795   0.02396   0.06911   0.09051   0.00225   0.00808   0.00516   0.01291   0.04285   8.50489   0.28368   0.70239   0.14274   0.37205  
 39  0.0036   2571.810235  x:  0.13057   0.03790   0.04404   0.00223   0.01335   0.03782   0.01795   0.02396   0.06913   0.09049   0.00225   0.00808   0.00516   0.01292   0.04284   8.50490   0.28383   0.70249   0.14284   0.37218  
 40  0.0002   2571.810233  x:  0.13057   0.03790   0.04404   0.00223   0.01335   0.03782   0.01795   0.02396   0.06912   0.09049   0.00225   0.00808   0.00517   0.01292   0.04285   8.50533   0.28379   0.70216   0.14276   0.37224  
 41  0.0004   2571.810233  x:  0.13057   0.03790   0.04404   0.00223   0.01335   0.03781   0.01796   0.02396   0.06912   0.09050   0.00225   0.00808   0.00517   0.01292   0.04285   8.50573   0.28374   0.70216   0.14275   0.37225  
 42  0.0003   2571.810233  x:  0.13057   0.03790   0.04404   0.00223   0.01335   0.03781   0.01796   0.02396   0.06912   0.09049   0.00225   0.00808   0.00517   0.01292   0.04285   8.50571   0.28376   0.70218   0.14275   0.37225  
 43  0.0000   2571.810233  x:  0.13057   0.03790   0.04404   0.00223   0.01335   0.03781   0.01796   0.02396   0.06912   0.09049   0.00225   0.00808   0.00517   0.01292   0.04285   8.50572   0.28376   0.70221   0.14276   0.37225  
 44  0.0000   2571.810233  x:  0.13057   0.03790   0.04404   0.00223   0.01335   0.03781   0.01796   0.02396   0.06912   0.09049   0.00225   0.00808   0.00517   0.01292   0.04285   8.50581   0.28376   0.70225   0.14276   0.37225  